############################### CONFIGURATION ################################
# experiment.....: read_len
# num_cpus.......: 20
# num_mem........: 1
# num_reads......: 10
# num_task.......: 10
# num_writes.....: 10
# output_file....: output/read_len/rn=10_wl=100_u=75_c=20_wn=10
# periods........: 10-100
# read_len_max...: 300
# read_len_min...: 1
# samples........: 500
# step...........: 25
# util...........: 0.75
# write_len......: 100
################################ ENVIRONMENT #################################
# Version........: <unkown>
# CWD............: /home/ryx/Downloads/RT-SMR
# Host...........: ryx-composite11
# Python.........: 2.7.6 (default, Oct 26 2016, 20:30:19)  [GCC 4.8.4]
#################################### DATA ####################################
#LEN OF READERS  #no-blocking #naive-spinlock  #spinlock-lp    #pf-rwlock    #urcu-line #rt-parsec-line #timed-linear
             1     1.00 0.00     0.81 0.00     0.89 0.00     0.76 0.00    0.43 32.60    0.92 40.64    0.92 40.63
            25     1.00 0.00     0.78 0.00     0.86 0.00     0.74 0.00    0.48 32.50    0.95 40.56    0.95 40.53
            50     1.00 0.00     0.65 0.00     0.79 0.00     0.60 0.00    0.46 32.23    0.94 40.32    0.94 40.31
            75     1.00 0.00     0.60 0.00     0.68 0.00     0.56 0.00    0.45 33.33    0.94 40.64    0.94 40.64
           100     1.00 0.00     0.52 0.00     0.59 0.00     0.48 0.00    0.46 32.44    0.96 40.45    0.96 40.42
           125     1.00 0.00     0.42 0.00     0.47 0.00     0.42 0.00    0.48 32.74    0.97 40.13    0.97 40.12
           150     1.00 0.00     0.34 0.00     0.33 0.00     0.37 0.00    0.47 33.03    0.94 40.19    0.94 40.17
           175     1.00 0.00     0.23 0.00     0.22 0.00     0.31 0.00    0.45 33.81    0.93 40.62    0.93 40.62
           200     1.00 0.00     0.19 0.00     0.14 0.00     0.27 0.00    0.41 32.20    0.93 40.81    0.93 40.81
           225     1.00 0.00     0.12 0.00     0.10 0.00     0.20 0.00    0.45 32.61    0.95 40.74    0.95 40.80
           250     1.00 0.00     0.09 0.00     0.03 0.00     0.16 0.00    0.46 32.32    0.92 40.32    0.92 40.31
           275     1.00 0.00     0.05 0.00     0.01 0.00     0.12 0.00    0.46 32.89    0.95 40.45    0.95 40.44
           300     1.00 0.00     0.03 0.00     0.02 0.00     0.13 0.00    0.47 33.41    0.94 40.18    0.94 40.17
#################################### RUN #####################################
# Started........: 2017-10-10 17:30:22.939664
# Completed......: 2017-10-10 21:57:22.196704
# Duration.......: 4:26:59.257040
