############################### CONFIGURATION ################################
# experiment.....: write_len
# num_cpus.......: 20
# num_mem........: 1
# num_reads......: 10
# num_task.......: 10
# num_writes.....: 10
# output_file....: output/write_len/rn=10_wl=100_u=75_c=20_wn=10
# periods........: 10-100
# read_len.......: 100
# samples........: 500
# step...........: 25
# util...........: 0.75
# write_len_max..: 300
# write_len_min..: 1
################################ ENVIRONMENT #################################
# Version........: <unkown>
# CWD............: /home/ryx/Downloads/RT-SMR
# Host...........: ryx-composite11
# Python.........: 2.7.6 (default, Oct 26 2016, 20:30:19)  [GCC 4.8.4]
#################################### DATA ####################################
#LEN OF WRITERS  #no-blocking #naive-spinlock  #spinlock-lp    #pf-rwlock    #urcu-line #rt-parsec-line #timed-linear
             1     1.00 0.00     0.81 0.00     0.91 0.00     0.92 0.00    0.51 31.95    1.00 39.65    1.00 39.65
            25     1.00 0.00     0.74 0.00     0.85 0.00     0.84 0.00    0.50 31.92    1.00 40.21    1.00 40.21
            50     1.00 0.00     0.67 0.00     0.79 0.00     0.75 0.00    0.49 32.90    0.99 40.37    0.99 40.37
            75     1.00 0.00     0.58 0.00     0.66 0.00     0.61 0.00    0.50 32.42    0.97 39.98    0.97 39.97
           100     1.00 0.00     0.49 0.00     0.54 0.00     0.46 0.00    0.44 31.77    0.92 40.09    0.92 40.09
           125     1.00 0.00     0.41 0.00     0.44 0.00     0.39 0.00    0.42 32.50    0.89 40.32    0.89 40.32
           150     1.00 0.00     0.33 0.00     0.33 0.00     0.30 0.00    0.38 33.11    0.79 40.82    0.79 40.80
           175     1.00 0.00     0.24 0.00     0.25 0.00     0.23 0.00    0.32 33.15    0.71 39.84    0.71 39.83
           200     1.00 0.00     0.17 0.00     0.14 0.00     0.16 0.00    0.25 33.62    0.58 40.38    0.58 40.38
           225     1.00 0.00     0.11 0.00     0.07 0.00     0.10 0.00    0.21 35.30    0.48 40.60    0.48 40.59
           250     1.00 0.00     0.09 0.00     0.05 0.00     0.09 0.00    0.16 34.56    0.39 40.24    0.39 40.21
           275     1.00 0.00     0.08 0.00     0.04 0.00     0.07 0.00    0.15 35.07    0.35 40.62    0.35 40.61
           300     1.00 0.00     0.04 0.00     0.01 0.00     0.04 0.00    0.07 35.76    0.22 41.29    0.22 41.29
#################################### RUN #####################################
# Started........: 2017-10-10 23:17:53.376290
# Completed......: 2017-10-11 03:04:46.765902
# Duration.......: 3:46:53.389612
